acc = 0.7880434782608695
f1 = 0.8192090395480226
loss = 10.485511779785156
recall = 0.8529411764705882
