acc = 0.9011857707509882
f1 = 0.8914956011730205
loss = 4.978541016578674
recall = 0.8820116054158608
