acc = 0.8489425981873112
f1 = 0.8505486189935679
loss = 8.08918661541409
recall = 0.8521607278241091
