acc = 0.8841698841698842
f1 = 0.9009836065573771
loss = 4.41586176554362
recall = 0.9184491978609626
