acc = 0.8256880733944955
f1 = 0.8089887640449439
loss = 8.621918678283691
recall = 0.7929515418502202
